2458560.737		0.28876			0.000439		1.494883		0.107038		0.00033
2458560.737		0.288567		0.000439		1.491862		0.107739		0.000332
2458560.738		0.287723		0.000437		1.488866		0.107396		0.000327
2458560.738		0.285823		0.000435		1.485893		0.10668			0.000328
2458560.739		0.285764		0.000437		1.482943		0.107578		0.00033
2458560.739		0.284916		0.000435		1.480014		0.107566		0.000328
2458560.74		0.283894		0.000438		1.477109		0.107409		0.00033
2458560.74		0.282849		0.000437		1.474226		0.10785			0.000331
2458560.74		0.282051		0.000433		1.471367		0.107117		0.000328
2458560.741		0.280521		0.000431		1.468529		0.107489		0.000328
2458560.741		0.27915			0.000429		1.465713		0.106621		0.000327
2458560.742		0.278645		0.000429		1.462918		0.107329		0.000327
2458560.742		0.278323		0.000429		1.460146		0.107404		0.000327
2458560.743		0.276245		0.000431		1.457395		0.107068		0.000329
2458560.743		0.274148		0.000426		1.454666		0.107364		0.000328
2458560.743		0.27444			0.000425		1.451957		0.10715			0.000327
2458560.744		0.273586		0.000424		1.449268		0.106077		0.000324
2458560.744		0.273143		0.000426		1.446601		0.107484		0.000328
2458560.745		0.270923		0.000424		1.443953		0.107028		0.000327
2458560.745		0.270965		0.000423		1.441328		0.107379		0.000326
2458560.746		0.270111		0.000421		1.438723		0.106833		0.000324
2458560.746		0.268863		0.000422		1.436137		0.106902		0.000325
2458560.746		0.268368		0.000421		1.433572		0.107337		0.000326
2458560.747		0.268393		0.000422		1.431027		0.107423		0.000325
2458560.747		0.267613		0.00042			1.428501		0.106806		0.000325
2458560.748		0.265845		0.00042			1.425995		0.106842		0.000327
2458560.748		0.266405		0.000417		1.423504		0.107225		0.000322
2458560.749		0.265417		0.000415		1.421043		0.107159		0.000323
2458560.749		0.266277		0.000417		1.418595		0.107606		0.000325
2458560.749		0.263834		0.000416		1.416165		0.107288		0.000324
2458560.75		0.26394			0.000413		1.413755		0.107551		0.000321
2458560.75		0.263995		0.000415		1.411365		0.107221		0.000324
2458560.751		0.262895		0.000411		1.408991		0.107008		0.000321
2458560.751		0.263377		0.000412		1.406638		0.107874		0.000322
2458560.752		0.262453		0.000412		1.404303		0.107751		0.000322
2458560.752		0.262686		0.000414		1.401986		0.107837		0.000323
2458560.753		0.263121		0.000412		1.399687		0.107688		0.000322
2458560.753		0.262028		0.000412		1.397406		0.107403		0.000322
2458560.753		0.261776		0.000412		1.395145		0.106817		0.000321
2458560.754		0.261994		0.000411		1.3929			0.107169		0.000321
2458560.754		0.261252		0.000411		1.390673		0.107434		0.000322
2458560.755		0.260751		0.000409		1.388463		0.107527		0.000319
2458560.755		0.261381		0.000412		1.38627			0.107771		0.000322
2458560.756		0.260631		0.000408		1.384095		0.10765			0.000318
2458560.756		0.261125		0.000412		1.381937		0.10747			0.000322
2458560.756		0.25897			0.000413		1.379794		0.10764			0.000323
2458560.757		0.260094		0.00041			1.377671		0.107257		0.00032
2458560.757		0.261384		0.00041			1.375564		0.10614			0.00032
2458560.758		0.261205		0.000411		1.373475		0.106431		0.000319
2458560.758		0.261002		0.000409		1.371401		0.106825		0.000317
2458560.759		0.260529		0.000409		1.369345		0.106914		0.000319
2458560.759		0.260919		0.000412		1.367305		0.107476		0.000322
2458560.759		0.2608			0.000409		1.36528			0.107051		0.00032
2458560.76		0.261281		0.000412		1.363273		0.106999		0.000319
2458560.76		0.261391		0.000414		1.361281		0.107459		0.000322
2458560.761		0.26144			0.00041			1.359306		0.107135		0.000317
2458560.761		0.259948		0.000408		1.357347		0.106735		0.000317
2458560.762		0.260522		0.00041			1.355403		0.106929		0.000318
2458560.762		0.259911		0.000409		1.353475		0.106669		0.000318
2458560.763		0.26065			0.000409		1.351563		0.106918		0.000318
2458560.763		0.261057		0.00041			1.349666		0.107263		0.000319
2458560.763		0.259761		0.000411		1.347786		0.106653		0.000321
2458560.764		0.258901		0.000407		1.345921		0.106952		0.000318
2458560.764		0.259077		0.000407		1.34407			0.107122		0.000317
2458560.765		0.259184		0.000406		1.342234		0.107931		0.000317
2458560.765		0.256681		0.000405		1.340414		0.10655			0.000316
2458560.766		0.257664		0.000408		1.338609		0.107009		0.000321
2458560.766		0.257433		0.000404		1.336818		0.106825		0.000316
2458560.766		0.25666			0.000402		1.335041		0.106882		0.000314
2458560.767		0.256497		0.000402		1.33328			0.106667		0.000313
2458560.767		0.257564		0.000407		1.331534		0.106923		0.000319
2458560.768		0.255084		0.000403		1.329803		0.106539		0.000314
2458560.768		0.254565		0.000405		1.328087		0.107091		0.000321
2458560.769		0.254902		0.000404		1.326385		0.10707			0.000317
2458560.769		0.253694		0.000401		1.324696		0.107677		0.000317
2458560.769		0.253125		0.000405		1.323022		0.107179		0.000319
2458560.77		0.252758		0.000401		1.321363		0.10664			0.000315
2458560.77		0.250836		0.0004			1.319718		0.107318		0.000318
2458560.771		0.249861		0.000397		1.318086		0.106841		0.000315
2458560.771		0.250051		0.000397		1.316469		0.10729			0.000315
2458560.772		0.249432		0.000397		1.314866		0.107321		0.000314
2458560.772		0.248936		0.000397		1.313276		0.107425		0.000315
2458560.772		0.248515		0.000402		1.3117			0.107237		0.000319
2458560.773		0.247938		0.000396		1.310138		0.106594		0.000314
2458560.773		0.247221		0.000399		1.308589		0.107047		0.000316
2458560.774		0.246508		0.000395		1.307053		0.10713			0.000315
2458560.774		0.24662			0.000395		1.305531		0.106688		0.000314
2458560.775		0.24536			0.000396		1.304023		0.106733		0.000315
2458560.775		0.246869		0.000397		1.302526		0.106643		0.000316
2458560.776		0.245891		0.000395		1.301044		0.107035		0.000316
2458560.776		0.245703		0.000394		1.299575		0.107264		0.000314
2458560.776		0.245864		0.000393		1.298119		0.107229		0.000314
2458560.777		0.245658		0.000392		1.296676		0.107324		0.000313
2458560.777		0.246653		0.000395		1.295246		0.107884		0.000316
2458560.778		0.245799		0.000397		1.293829		0.107021		0.000318
2458560.778		0.246857		0.000396		1.292425		0.107263		0.000315
2458560.779		0.247615		0.000396		1.291033		0.107179		0.000316
2458560.779		0.248572		0.000401		1.289653		0.107104		0.000318
2458560.779		0.248305		0.000398		1.288288		0.107108		0.000316
2458560.78		0.249275		0.000395		1.286934		0.105954		0.000312
2458560.78		0.250134		0.000398		1.285594		0.106933		0.000314
2458560.781		0.250977		0.000398		1.284266		0.107038		0.000315
2458560.781		0.251265		0.000404		1.28295			0.107362		0.000319
2458560.782		0.252409		0.0004			1.281647		0.107342		0.000316
2458560.782		0.255161		0.000401		1.280355		0.106925		0.000313
2458560.782		0.255985		0.000401		1.279077		0.107677		0.000314
2458560.783		0.257325		0.000404		1.27781			0.107002		0.000315
2458560.783		0.25896			0.000404		1.276554		0.106446		0.000314
2458560.784		0.261692		0.000407		1.275312		0.10714			0.000313
2458560.784		0.262119		0.000407		1.274081		0.107379		0.000316
2458560.785		0.263287		0.000407		1.272863		0.107463		0.000314
2458560.785		0.265891		0.000407		1.271656		0.107188		0.000309
2458560.785		0.268482		0.00041			1.270462		0.106841		0.000312
2458560.786		0.268968		0.000412		1.269278		0.107129		0.000315
2458560.786		0.271523		0.000415		1.268107		0.10656			0.000313
2458560.787		0.273065		0.000415		1.266948		0.10701			0.000313
2458560.787		0.275275		0.000418		1.265801		0.107444		0.000315
2458560.788		0.276605		0.000417		1.264665		0.107675		0.000314
2458560.788		0.278261		0.000418		1.263541		0.107055		0.000311
2458560.789		0.279322		0.000415		1.262428		0.106802		0.000308
2458560.789		0.282342		0.000421		1.261326		0.10686			0.000313
2458560.789		0.283192		0.000419		1.260235		0.107465		0.000311
2458560.79		0.284436		0.000422		1.259156		0.107308		0.000313
2458560.79		0.286207		0.000421		1.258089		0.106897		0.00031
2458560.791		0.287405		0.000429		1.257033		0.107108		0.000316
2458560.791		0.288797		0.000423		1.255988		0.107471		0.000312
2458560.792		0.290178		0.000427		1.254954		0.106744		0.000313
2458560.792		0.291252		0.000424		1.253932		0.106694		0.000311
2458560.792		0.292775		0.000428		1.25292			0.107678		0.000313
2458560.793		0.292405		0.000428		1.25192			0.106694		0.000312
2458560.793		0.295957		0.000428		1.250931		0.10754			0.000311
2458560.794		0.297029		0.000434		1.249952		0.106833		0.000313
2458560.794		0.297486		0.000431		1.248985		0.106796		0.000312
2458560.795		0.298395		0.000432		1.248028		0.107087		0.000312
2458560.795		0.299462		0.000436		1.247083		0.1069			0.000314
2458560.795		0.29979			0.000433		1.246148		0.106492		0.000312
2458560.796		0.302419		0.000436		1.245224		0.107044		0.000313
2458560.796		0.301952		0.000434		1.244311		0.106854		0.000311
2458560.797		0.302602		0.000432		1.243408		0.106619		0.00031
2458560.797		0.303182		0.000433		1.242516		0.106886		0.000309
2458560.798		0.304819		0.000436		1.241635		0.106909		0.00031
2458560.798		0.305719		0.000437		1.240764		0.10735		0.000312
2458560.799		0.307092		0.000438		1.239905		0.107177		0.000312
2458560.799		0.307318		0.000438		1.239055		0.10726		0.000312
2458560.799		0.308024		0.000438		1.238216		0.107006		0.000311
2458560.8		0.309781		0.000441		1.237388		0.107438		0.000314
2458560.8		0.310515		0.000437		1.23657		0.10707		0.000308
2458560.801		0.310626		0.00044		1.235762		0.107275		0.00031
2458560.801		0.309951		0.000441		1.234965		0.106956		0.000312
2458560.802		0.310168		0.000437		1.234178		0.106654		0.000309
2458560.802		0.310091		0.000435		1.233402		0.107399		0.000308
2458560.802		0.312243		0.000438		1.232635		0.106602		0.000309
2458560.803		0.311308		0.000437		1.231879		0.107025		0.000308
2458560.803		0.312263		0.000441		1.231134		0.107468		0.00031
2458560.804		0.312272		0.000439		1.230398		0.107049		0.000309
2458560.804		0.311803		0.000436		1.229673		0.106654		0.000307
2458560.805		0.31283		0.000437		1.228958		0.106962		0.000305
2458560.805		0.312742		0.000439		1.228252		0.106874		0.000308
2458560.805		0.313748		0.000437		1.227557		0.106388		0.000305
2458560.806		0.312898		0.000438		1.226872		0.106937		0.000307
2458560.806		0.31298		0.000437		1.226196		0.10706		0.000306
2458560.807		0.312683		0.000438		1.225531		0.106491		0.000308
2458560.807		0.31299		0.000438		1.224876		0.107221		0.000307
2458560.808		0.31315		0.000439		1.22423		0.10731		0.000308
2458560.808		0.312606		0.000438		1.223595		0.107275		0.000309
2458560.808		0.312702		0.000437		1.22297		0.107046		0.000308
2458560.809		0.312255		0.000438		1.222354		0.107065		0.000307
2458560.809		0.312033		0.000437		1.221748		0.107341		0.000308
2458560.81		0.311589		0.000435		1.221151		0.106972		0.000305
2458560.81		0.312124		0.000435		1.220565		0.106926		0.000305
2458560.811		0.312131		0.000441		1.219989		0.106949		0.00031
2458560.811		0.310871		0.000437		1.219422		0.106995		0.000309
2458560.812		0.310244		0.000435		1.218865		0.107318		0.000307
2458560.812		0.310807		0.000435		1.218318		0.108003		0.000308
2458560.812		0.308324		0.000435		1.217781		0.106512		0.000307
2458560.813		0.309017		0.000433		1.217253		0.107244		0.000306
2458560.813		0.308104		0.000432		1.216735		0.107022		0.000306
2458560.814		0.307823		0.000436		1.216226		0.106873		0.000308
2458560.814		0.30734		0.000433		1.215727		0.107411		0.000308
2458560.815		0.305918		0.000435		1.215237		0.106855		0.000309
2458560.815		0.306483		0.000435		1.214757		0.107251		0.000308
2458560.815		0.3061		0.000433		1.214287		0.107239		0.000306
2458560.816		0.305697		0.000434		1.213826		0.106993		0.000307
2458560.816		0.304156		0.00043		1.213375		0.106629		0.000307
2458560.817		0.303866		0.000432		1.212933		0.106762		0.000308
2458560.817		0.302395		0.000428		1.2125		0.106742		0.000304
2458560.818		0.302356		0.000428		1.212078		0.106984		0.000305
2458560.818		0.300274		0.000428		1.211664		0.107143		0.000308
2458560.818		0.300425		0.000426		1.21126		0.107155		0.000304
2458560.819		0.299921		0.000427		1.210865		0.107048		0.000306
2458560.819		0.299433		0.000428		1.21048		0.107331		0.000307
2458560.82		0.298395		0.000426		1.210104		0.107266		0.000306
2458560.82		0.297557		0.000425		1.209738		0.106828		0.000305
2458560.821		0.297774		0.000425		1.209381		0.106856		0.000305
2458560.821		0.296262		0.000428		1.209033		0.107174		0.000309
2458560.821		0.295964		0.000426		1.208694		0.107096		0.000306
2458560.822		0.294966		0.000426		1.208365		0.107153		0.000309
2458560.822		0.294855		0.000425		1.208045		0.106798		0.000307
2458560.823		0.294071		0.000424		1.207735		0.106994		0.000308
2458560.823		0.293559		0.000422		1.207433		0.106712		0.000304
2458560.824		0.293845		0.000423		1.207141		0.106969		0.000306
2458560.824		0.292873		0.000424		1.206859		0.107021		0.00031
2458560.825		0.292735		0.000419		1.206585		0.106838		0.000306
2458560.825		0.292514		0.000423		1.206321		0.107094		0.000308
2458560.825		0.292253		0.000423		1.206065		0.107285		0.000309
2458560.826		0.29157		0.000422		1.205819		0.107038		0.000307
2458560.826		0.289806		0.00042		1.205582		0.106988		0.000307
2458560.827		0.291324		0.000425		1.205355		0.106908		0.000311
2458560.827		0.290897		0.000422		1.205136		0.106975		0.000307
2458560.828		0.289103		0.000419		1.204927		0.106836		0.000305
2458560.828		0.287522		0.000419		1.204727		0.106545		0.000308
2458560.828		0.287228		0.000423		1.204536		0.108955		0.000313
2458560.829		0.287074		0.00042		1.204354		0.106865		0.000309
2458560.829		0.285507		0.000418		1.204182		0.106746		0.000307
2458560.83		0.285817		0.00042		1.204019		0.107119		0.000309
2458560.83		0.283963		0.000418		1.203864		0.108208		0.000311
2458560.831		0.283331		0.000417		1.203719		0.106838		0.000307
2458560.831		0.283205		0.000415		1.203583		0.107225		0.000307
2458560.831		0.282238		0.000416		1.203456		0.107408		0.000309
2458560.832		0.281321		0.000412		1.203338		0.107257		0.000306
2458560.832		0.28085		0.000414		1.20323		0.107189		0.000307
2458560.833		0.280722		0.000413		1.20313		0.107259		0.000307
2458560.833		0.279607		0.000413		1.20304		0.106877		0.000306
2458560.834		0.279295		0.000415		1.202958		0.106895		0.000308
2458560.834		0.277872		0.000411		1.202886		0.107335		0.000305
2458560.834		0.277353		0.000411		1.202822		0.106974		0.000306
2458560.835		0.276383		0.000411		1.202768		0.107569		0.000309
2458560.835		0.276306		0.000412		1.202723		0.107197		0.000309
2458560.836		0.275102		0.000409		1.202687		0.107297		0.000308
2458560.836		0.27345		0.000407		1.20266		0.107792		0.000306
2458560.837		0.273751		0.000408		1.202642		0.106864		0.000305
2458560.837		0.272519		0.000406		1.202634		0.107299		0.000306
2458560.838		0.271912		0.000407		1.202634		0.107089		0.000307
2458560.838		0.270647		0.000406		1.202643		0.107042		0.000307
2458560.838		0.269844		0.000406		1.202662		0.107522		0.000308
2458560.839		0.268741		0.000403		1.202689		0.107155		0.000306
2458560.839		0.267467		0.000404		1.202726		0.106768		0.000306
2458560.84		0.267398		0.000403		1.202772		0.106923		0.000306
2458560.84		0.266013		0.000403		1.202827		0.107433		0.000305
2458560.841		0.265727		0.000402		1.20289		0.106697		0.000305
2458560.841		0.264781		0.000403		1.202963		0.106498		0.000308
2458560.841		0.26436		0.000402		1.203045		0.107322		0.000307
2458560.842		0.263847		0.000402		1.203137		0.10727		0.000307
2458560.842		0.262533		0.000399		1.203237		0.106389		0.000308
2458560.843		0.262373		0.000402		1.203346		0.107174		0.000308
2458560.843		0.261196		0.000402		1.203465		0.106508		0.00031
2458560.844		0.260673		0.0004		1.203592		0.106903		0.000306
2458560.844		0.26089		0.000402		1.203729		0.107379		0.000311
2458560.844		0.260108		0.000408		1.203875		0.107107		0.000315
2458560.845		0.258731		0.000398		1.20403		0.106814		0.000307
2458560.845		0.25808		0.000398		1.204194		0.107496		0.000308
2458560.846		0.25682		0.000398		1.204367		0.106818		0.000309
2458560.846		0.255953		0.000398		1.20455		0.106878		0.000307
2458560.847		0.254045		0.000397		1.204741		0.106488		0.00031
2458560.847		0.253493		0.000392		1.204942		0.107623		0.000307
2458560.848		0.253325		0.000397		1.205152		0.107027		0.000311
2458560.848		0.252683		0.000398		1.205371		0.10662		0.00031
2458560.848		0.252545		0.000396		1.205599		0.107144		0.00031
2458560.849		0.251301		0.000396		1.205836		0.106681		0.00031
2458560.849		0.249854		0.000393		1.206083		0.106741		0.000308
2458560.85		0.249598		0.000394		1.206338		0.108043		0.000311
2458560.85		0.247889		0.000394		1.206603		0.107057		0.000311
2458560.851		0.24701		0.000394		1.206878		0.106846		0.000312
2458560.851		0.246335		0.00039		1.207161		0.107013		0.000309
2458560.851		0.245623		0.000392		1.207454		0.106555		0.00031
2458560.852		0.244259		0.000389		1.207756		0.106846		0.000309
2458560.852		0.243916		0.000391		1.208067		0.106809		0.000312
2458560.853		0.243156		0.000391		1.208388		0.106805		0.000311
2458560.853		0.242757		0.000391		1.208717		0.107043		0.000312
2458560.854		0.241551		0.000388		1.209057		0.107188		0.00031
2458560.854		0.240764		0.000387		1.209405		0.10654		0.00031
2458560.854		0.239844		0.000387		1.209763		0.107256		0.00031
2458560.855		0.239211		0.00039		1.21013		0.107123		0.000314
2458560.855		0.239792		0.000387		1.210506		0.106764		0.000308
2458560.856		0.238733		0.000396		1.210892		0.107364		0.000322
2458560.856		0.237054		0.00039		1.211287		0.107305		0.000315
2458560.857		0.237261		0.000388		1.211692		0.107138		0.000313
2458560.857		0.235211		0.00039		1.212106		0.106923		0.000315
2458560.857		0.234978		0.000385		1.21253		0.107179		0.000311
2458560.858		0.233465		0.000392		1.212963		0.106963		0.00032
2458560.858		0.23289		0.000384		1.213405		0.107854		0.000314
2458560.859		0.232745		0.000381		1.213857		0.107841		0.000311
2458560.859		0.231926		0.000381		1.214319		0.107315		0.000313
2458560.86		0.231388		0.000379		1.21479		0.10679		0.000311
2458560.86		0.231162		0.00038		1.215271		0.107597		0.00031
2458560.861		0.230928		0.000383		1.215761		0.106915		0.000312
2458560.861		0.229113		0.00038		1.216261		0.107821		0.00031
2458560.861		0.230624		0.000386		1.216771		0.107055		0.000313
2458560.862		0.231192		0.000381		1.217289		0.107029		0.000309
2458560.862		0.231045		0.000379		1.217818		0.107352		0.000311
2458560.863		0.230587		0.00038		1.218356		0.107058		0.000311
2458560.863		0.231065		0.000378		1.218904		0.10751		0.000309
2458560.864		0.231623		0.000381		1.219462		0.107191		0.000312
2458560.864		0.233661		0.000381		1.220029		0.106949		0.000307
2458560.864		0.234026		0.000381		1.220606		0.107618		0.00031
2458560.865		0.234523		0.000383		1.221194		0.107609		0.00031
2458560.865		0.235872		0.000383		1.22179		0.107188		0.000309
2458560.866		0.236149		0.000385		1.222396		0.107599		0.000312
2458560.866		0.237371		0.000387		1.223013		0.107668		0.000312
2458560.867		0.238742		0.00039		1.223639		0.107202		0.000315
2458560.867		0.239951		0.000391		1.224275		0.106716		0.000314
2458560.867		0.240892		0.00039		1.224921		0.107668		0.000312
2458560.868		0.241674		0.000392		1.225577		0.107203		0.000315
2458560.868		0.243929		0.000394		1.226243		0.107462		0.000314
2458560.869		0.244851		0.000392		1.226919		0.107292		0.000313
2458560.884		0.290092		0.000426		1.257107		0.107494		0.000314
2458560.884		0.290437		0.000431		1.258164		0.10713		0.000317
2458560.885		0.292024		0.00043		1.259233		0.107577		0.000317
2458560.885		0.292304		0.000431		1.260312		0.107081		0.000315
2458560.886		0.293724		0.000435		1.261403		0.107455		0.000319
2458560.886		0.295312		0.00043		1.262505		0.107382		0.000315
2458560.887		0.296127		0.000434		1.26362		0.107603		0.000316
2458560.887		0.296295		0.000435		1.264745		0.106775		0.000317
2458560.887		0.297232		0.000434		1.265884		0.107285		0.000316
2458560.888		0.29888		0.000435		1.267032		0.107082		0.000317
2458560.888		0.299387		0.000461		1.268192		0.107184		0.000347
2458560.889		0.299983		0.000439		1.269364		0.107665		0.000318
2458560.889		0.300523		0.000435		1.270548		0.107463		0.000316
2458560.89		0.301903		0.000439		1.271744		0.107205		0.000316
2458560.89		0.302306		0.000439		1.272951		0.107818		0.000318
2458560.89		0.303721		0.000442		1.274171		0.107247		0.000318
2458560.891		0.304749		0.000438		1.275402		0.106916		0.000312
2458560.891		0.305041		0.000439		1.276645		0.107457		0.000316
2458560.892		0.305262		0.00044		1.277901		0.107483		0.000315
2458560.892		0.306592		0.000439		1.279169		0.107725		0.000316
2458560.893		0.307636		0.000442		1.280448		0.106934		0.000314
2458560.893		0.307994		0.00044		1.28174		0.10697		0.000312
2458560.893		0.30912		0.000442		1.283044		0.106929		0.000314
2458560.894		0.308837		0.000441		1.284361		0.107659		0.000314
2458560.894		0.309778		0.000443		1.28569		0.106952		0.000314
2458560.895		0.310526		0.000443		1.287032		0.106719		0.000315
2458560.895		0.310172		0.000444		1.288386		0.106908		0.000318
2458560.896		0.312454		0.000446		1.289753		0.107247		0.000317
2458560.896		0.312012		0.000449		1.291132		0.10771		0.000319
2458560.897		0.311764		0.000444		1.292524		0.107381		0.000316
2458560.897		0.312442		0.000444		1.293928		0.107906		0.000315
2458560.897		0.312235		0.000444		1.295347		0.107994		0.000317
2458560.898		0.312715		0.000444		1.296778		0.106871		0.000315
2458560.898		0.313		0.000444		1.298221		0.106976		0.000315
2458560.899		0.313713		0.000445		1.299678		0.10754		0.000315
2458560.899		0.314665		0.000446		1.301147		0.10768		0.000316
2458560.9		0.314338		0.000448		1.30263		0.107139		0.000317
2458560.9		0.314205		0.000453		1.304126		0.107165		0.000322
2458560.9		0.313438		0.000451		1.305635		0.107951		0.000323
2458560.901		0.314187		0.00045		1.307158		0.107356		0.000317
2458560.901		0.315115		0.000456		1.308694		0.10735		0.000324
2458560.902		0.314935		0.000454		1.310244		0.107667		0.000323
2458560.902		0.313713		0.000447		1.311808		0.107129		0.000315
2458560.903		0.313871		0.000451		1.313385		0.106871		0.000319
2458560.903		0.315439		0.00046		1.314976		0.107821		0.000329
2458560.903		0.313147		0.000449		1.316581		0.107515		0.000321
2458560.904		0.313321		0.000451		1.318198		0.107055		0.000319
2458560.904		0.313211		0.000452		1.319831		0.107024		0.00032
2458560.905		0.312641		0.000446		1.321477		0.107132		0.000315
2458560.905		0.311692		0.000447		1.323137		0.107583		0.000318
2458560.906		0.310939		0.000445		1.324816		0.107527		0.000317
2458560.906		0.311043		0.000449		1.326504		0.106981		0.000318
2458560.906		0.312617		0.000452		1.328208		0.106938		0.000322
2458560.907		0.309572		0.000453		1.329926		0.107856		0.000326
2458560.907		0.310929		0.000448		1.331658		0.106739		0.00032
2458560.908		0.310225		0.000448		1.333405		0.107489		0.00032
2458560.908		0.307633		0.000446		1.335166		0.107901		0.000321
2458560.909		0.309127		0.000448		1.336943		0.107495		0.000321
2458560.909		0.307068		0.000446		1.338734		0.10749		0.000323
2458560.91		0.306397		0.000446		1.34054		0.107195		0.000323
2458560.91		0.304241		0.000445		1.342362		0.106951		0.000319
2458560.91		0.305856		0.000445		1.344198		0.107892		0.000323
2458560.911		0.303767		0.000447		1.34605		0.107762		0.000325
2458560.911		0.304809		0.000447		1.347916		0.108145		0.000325
2458560.912		0.303607		0.000444		1.349798		0.107262		0.000321
2458560.912		0.302229		0.000447		1.351697		0.107405		0.000324
2458560.913		0.302326		0.000444		1.35361		0.107292		0.000323
2458560.913		0.300238		0.000445		1.355539		0.10763		0.000325
2458560.913		0.298898		0.00044		1.357485		0.107049		0.00032
2458560.914		0.299589		0.000443		1.359445		0.106852		0.000325
2458560.914		0.298581		0.000443		1.36142		0.107227		0.000321
2458560.915		0.298877		0.000441		1.363413		0.107652		0.000323
2458560.915		0.296654		0.000438		1.365422		0.107136		0.000323
2458560.916		0.295863		0.00044		1.367446		0.107389		0.000324
2458560.916		0.296273		0.00044		1.369488		0.107684		0.000325
2458560.916		0.294649		0.000439		1.371545		0.107773		0.000324
2458560.917		0.294497		0.000443		1.37362		0.106611		0.000326
2458560.917		0.293847		0.000439		1.375711		0.107253		0.000323
2458560.918		0.293089		0.000439		1.377819		0.10761		0.000325
2458560.918		0.291749		0.000437		1.379944		0.106846		0.000325
2458560.919		0.29101		0.000437		1.382086		0.107402		0.000324
2458560.919		0.28937		0.000439		1.384245		0.10756		0.000328
2458560.92		0.289482		0.000439		1.386422		0.107065		0.000325
2458560.92		0.28678		0.000439		1.388615		0.10697		0.00033
2458560.92		0.286616		0.000436		1.390825		0.10744		0.000327
2458560.921		0.286001		0.000435		1.393054		0.107383		0.000327
2458560.921		0.286116		0.000443		1.3953		0.107652		0.000334
2458560.922		0.283408		0.000436		1.397565		0.107532		0.000328
2458560.922		0.283519		0.000433		1.399848		0.106848		0.000328
2458560.923		0.280736		0.000433		1.402148		0.107081		0.00033
2458560.923		0.280824		0.000432		1.404467		0.106955		0.000326
2458560.923		0.280461		0.000432		1.406804		0.10719		0.000329
2458560.924		0.279358		0.00043		1.409159		0.107548		0.000326
2458560.924		0.277472		0.000428		1.411533		0.107506		0.000326
2458560.925		0.276988		0.000433		1.413926		0.107363		0.000332
2458560.925		0.275604		0.000431		1.416336		0.108138		0.00033
2458560.926		0.275292		0.000426		1.418767		0.107714		0.000326
2458560.926		0.274203		0.000429		1.421214		0.107666		0.00033
2458560.926		0.273504		0.00043		1.423683		0.107614		0.000331
2458560.927		0.273889		0.000428		1.42617		0.10797		0.000328
2458560.927		0.271535		0.000427		1.428677		0.107157		0.00033
2458560.928		0.27128		0.000424		1.431203		0.107233		0.000326
2458560.928		0.269602		0.000424		1.433751		0.10708		0.000326
2458560.929		0.270898		0.000432		1.436318		0.107546		0.000336
2458560.929		0.270297		0.000433		1.438904		0.10726		0.000335
2458560.929		0.26944		0.000426		1.441512		0.107281		0.000327
2458560.93		0.268959		0.000424		1.44414		0.107547		0.000328
2458560.93		0.26836		0.000428		1.446788		0.107823		0.000333
2458560.931		0.268899		0.000427		1.449458		0.107913		0.000331
2458560.931		0.267834		0.000432		1.452147		0.106881		0.000336
2458560.932		0.268501		0.000439		1.454858		0.107158		0.000338
2458560.932		0.268204		0.000433		1.457588		0.107358		0.000335
2458560.933		0.2676		0.000427		1.460342		0.107572		0.000333
2458560.933		0.266649		0.000432		1.463116		0.10739		0.000337
2458560.933		0.266617		0.000461		1.465911		0.107201		0.00037
2458560.934		0.264739		0.000426		1.468729		0.107183		0.000334
2458560.934		0.264086		0.000425		1.471569		0.107563		0.000336
2458560.935		0.267991		0.000433		1.47443		0.107122		0.000338
2458560.935		0.266767		0.000428		1.477314		0.10743		0.000334
2458560.936		0.26946		0.000432		1.480222		0.107901		0.000335
2458560.936		0.267875		0.00043		1.483151		0.10798		0.000334
2458560.936		0.269483		0.000434		1.486102		0.107043		0.000337
2458560.937		0.267693		0.000428		1.489078		0.108302		0.000336
2458560.937		0.267215		0.000428		1.492076		0.106894		0.000335
2458560.938		0.268284		0.000429		1.495098		0.107107		0.000333
2458560.938		0.269099		0.000433		1.498145		0.107893		0.000338
2458560.939		0.26826		0.000431		1.501214		0.10741		0.000336
2458560.939		0.267254		0.00043		1.504306		0.107409		0.000336
2458560.939		0.267517		0.000433		1.507424		0.107555		0.000337
2458560.94		0.267679		0.000428		1.510565		0.107457		0.000337
2458560.94		0.267414		0.000433		1.513731		0.10714		0.000337
2458560.941		0.267043		0.000429		1.516921		0.107208		0.000336
2458560.941		0.267421		0.000437		1.520137		0.107082		0.000341
2458560.942		0.266879		0.000436		1.523379		0.107606		0.000341
2458560.942		0.269039		0.000443		1.526644		0.108273		0.000347
2458560.942		0.266417		0.000434		1.529937		0.10707		0.000339
2458560.943		0.26773		0.000435		1.533254		0.108438		0.000343
2458560.943		0.267135		0.000434		1.536599		0.106857		0.000338
2458560.944		0.264417		0.000432		1.539969		0.107302		0.00034
2458560.944		0.26605		0.000435		1.543365		0.107118		0.000338
2458560.945		0.266403		0.000432		1.546788		0.107892		0.000339
2458560.945		0.264947		0.000437		1.550238		0.106703		0.000341
2458560.946		0.263131		0.000431		1.553717		0.107487		0.000339
2458560.946		0.26244		0.000432		1.557222		0.106956		0.000338
2458560.946		0.264405		0.000439		1.560754		0.107539		0.000342
2458560.947		0.262912		0.000431		1.564314		0.108419		0.00034
2458560.947		0.261923		0.000432		1.567902		0.107483		0.000342
2458560.948		0.262874		0.000427		1.571518		0.107422		0.000337
2458560.948		0.260755		0.000425		1.575163		0.107228		0.000336
2458560.949		0.261022		0.000426		1.578836		0.107831		0.000335
2458560.949		0.259329		0.000427		1.58254		0.107288		0.000338
2458560.949		0.259909		0.000429		1.586272		0.106924		0.000338
2458560.95		0.257426		0.000427		1.590035		0.106736		0.000337
2458560.95		0.258448		0.000426		1.593828		0.107644		0.000339
2458560.951		0.260207		0.00043		1.597649		0.108065		0.000341
2458560.951		0.25817		0.000432		1.601501		0.10722		0.000343
2458560.952		0.255918		0.000424		1.605385		0.107772		0.00034
2458560.952		0.255814		0.000427		1.609301		0.107229		0.000342
2458560.952		0.254273		0.000424		1.613247		0.107491		0.00034
2458560.953		0.25342		0.000424		1.617224		0.106785		0.000338
2458560.953		0.254266		0.000424		1.621235		0.107351		0.000343
2458560.954		0.255633		0.000428		1.625278		0.107411		0.000341
2458560.954		0.253499		0.000428		1.629352		0.107662		0.000343
2458560.955		0.253833		0.000424		1.633459		0.107762		0.00034
2458560.955		0.253118		0.000427		1.637599		0.10722		0.000344
2458560.955		0.253644		0.000431		1.641774		0.107531		0.000347
2458560.956		0.252745		0.000432		1.64598		0.107547		0.00035
2458560.956		0.252857		0.000426		1.650221		0.105959		0.000339
2458560.957		0.253853		0.00043		1.654496		0.107558		0.000345
2458560.957		0.255804		0.000429		1.658808		0.10666		0.000343
2458560.958		0.25582		0.000432		1.663153		0.107132		0.000344
2458560.958		0.256416		0.000428		1.667533		0.107916		0.000342
2458560.959		0.255547		0.000432		1.671949		0.107447		0.000347
2458560.959		0.25695		0.000437		1.676402		0.107981		0.00035
2458560.959		0.258309		0.00043		1.680893		0.107382		0.000342
2458560.96		0.258272		0.000428		1.685419		0.107503		0.000342
2458560.96		0.261759		0.000433		1.689981		0.107957		0.000344
2458560.961		0.26133		0.000437		1.694584		0.107578		0.000349
2458560.961		0.262046		0.000445		1.699219		0.107853		0.000354
2458560.962		0.262786		0.000444		1.703898		0.107592		0.000352
2458560.962		0.266063		0.000438		1.708614		0.107669		0.000345
2458560.962		0.266871		0.000443		1.71337		0.108265		0.000351
2458560.963		0.267311		0.000439		1.718162		0.107159		0.000345
2458560.963		0.2717		0.000444		1.722996		0.10776		0.000347
2458560.964		0.273		0.000443		1.727869		0.108107		0.000347
2458560.964		0.274156		0.000444		1.732784		0.107604		0.000346
2458560.965		0.276696		0.000446		1.737739		0.108216		0.000349
2458560.965		0.277284		0.000449		1.742735		0.107468		0.000349
2458560.965		0.279718		0.000455		1.747776		0.107188		0.000352
2458560.966		0.281201		0.000449		1.752857		0.107835		0.000345
2458560.966		0.281922		0.000449		1.757987		0.107302		0.000342
2458560.967		0.284167		0.000451		1.763159		0.108245		0.000346
2458560.967		0.286217		0.000454		1.768371		0.107159		0.000348
